2124314
2124315
2124316
2124317
2124318
2124319
2124320
2124321
2124322
2124323
2124324
2124325
2124326
2124327
2124328
2124329
2124330
2124331
2124332
2124333
2124334
2124335
2124336
2124337
2124338
2124339
2124340
2124341
2124342
2124343
2124344
2124345
2124346
2124347
2124348
2124349
2124350
2124351
2124352
2124353
2124354
2124355
2124356
2124357
2124358
2124359
2124360
2124361
2124362
2124363
2124364
2124365
2124366
2124367
2124368
2124369
2124370
2124371
2124372
2124373
2124374
2124375
2124376
2124377
2124378
2124379
2124380
2124381
2124382
2124383
2124384
2124385
2124386
2124387
2124388
2124389
2124390
2124391
2124392
2124393
2124394
2124395
2124396
2124397
2124398
2124399
2124400
2124401
2124402
2124403
2124404
2124405
2124406
2124407
2124408
2124409
2124410
2124411
2124412
2124413
2124414
2124415
2124416
2124417
2124418
2124419
2124420
2124421
2124422
2124423
2124424
2124425
2124426
2124427
2124428
2124429
2124430
2124431
2124432
2124433
2124434
2124435
2124436
2124437
2124438
2124439
2124440
2124441
2124442
2124443
2124444
2124445
2124446
2124447
2124448
2124449
2124450
2124451
2124452
2124453
2124454
2124455
2124456
2124457
2124458
2124459
2124460
2124461
2124462
2124463
2124464
2124465
2124466
2124467
2124468
2124469
2124470
2124471
2124472
2124473
2124474
2124475
2124476
2124477
2124478
2124479
2124480
2124481
2124482
2124483
2124484
2124485
2124486
2124487
2124488
2124489
2124490
2124491
2124492
2124493
2124494
2124495
2124496
2124497
2124498
2124499
2124500
2124501
2124502
2124503
2124504
2124505
2124506
2124507
2124508
2124509
2124510
2124511
2124512
2124513
2124514
2124515
2124516
2124517
2124518
2124519
2124520
2124521
2124522
2124523
2124524
2124525
2124526
2124527
2124528
2124529
2124530
2124531
2124532
2124533
2124534
2124535
2124536
2124537
2124538
2124539
2124540
2124541
2124542
2124543
2124544
2124545
2124546
2124547
2124548
2124549
2124550
2124551
2124552
2124553
2124554
2124555
2124556
2124557
2124558
2124559
2124560
2124561
2124562
2124563
2124564
2124565
