2123214
2123215
2123216
2123217
2123218
2123219
2123220
2123221
2123222
2123223
2123224
2123225
2123226
2123227
2123228
2123229
2123230
2123231
2123232
2123233
2123234
2123235
2123236
2123237
2123238
2123239
2123240
2123241
2123242
2123243
2123244
2123245
2123246
2123247
2123248
2123249
2123250
2123251
2123252
2123253
2123254
2123255
2123256
2123257
2123258
2123259
2123260
2123261
2123262
2123263
2123264
2123265
2123266
2123267
2123268
2123269
2123270
2123271
2123272
2123273
2123274
2123275
2123276
2123277
2123278
2123279
2123280
2123281
2123282
2123283
2123284
2123285
2123286
2123287
2123288
2123289
2123290
2123291
2123292
2123293
2123294
2123295
2123296
2123297
2123298
2123299
2123300
2123301
2123302
2123303
2123304
2123305
2123306
2123307
2123308
2123309
2123310
2123311
2123312
2123313
2123314
2123315
2123316
2123317
2123318
2123319
2123320
2123321
2123322
2123323
2123324
2123325
2123326
2123327
2123328
2123329
2123330
2123331
2123332
2123333
2123334
2123335
2123336
2123337
2123338
2123339
2123340
2123341
2123342
2123343
2123344
2123345
2123346
2123347
2123348
2123349
2123350
2123351
2123352
2123353
2123354
2123355
2123356
2123357
2123358
2123359
2123360
2123361
2123362
2123363
2123364
2123365
2123366
2123367
2123368
2123369
2123370
2123371
2123372
2123373
2123374
2123375
2123376
2123377
2123378
2123379
2123380
2123381
2123382
2123383
2123384
2123385
2123386
2123387
2123388
2123389
2123390
2123391
2123392
2123393
2123394
2123395
2123396
2123397
2123398
2123399
2123400
2123401
2123402
2123403
2123404
2123405
2123406
2123407
2123408
2123409
2123410
2123411
2123412
2123413
2123414
2123415
2123416
2123417
2123418
2123419
2123420
2123421
2123422
2123423
2123424
2123425
2123426
2123427
2123428
2123429
2123430
2123431
2123432
2123433
2123434
2123435
2123436
2123437
2123438
2123439
2123440
2123441
2123442
2123443
2123444
2123445
2123446
2123447
2123448
2123449
2123450
2123451
2123452
2123453
2123454
2123455
2123456
2123457
2123458
2123459
2123460
2123461
2123462
2123463
2123464
2123465
2123466
2123467
2123468
2123469
2123470
2123471
2123472
2123473
2123474
2123475
2123476
2123477
2123478
2123479
2123480
2123481
2123482
2123483
2123484
2123485
2123486
2123487
2123488
2123489
2123490
2123491
2123492
2123493
2123494
2123495
2123496
2123497
2123498
2123499
2123500
2123501
2123502
2123503
2123504
2123505
2123506
2123507
2123508
2123509
2123510
2123511
2123512
2123513
2123514
2123515
2123516
2123517
2123518
2123519
2123520
2123521
2123522
2123523
2123524
2123525
2123526
2123527
2123528
2123529
2123530
2123531
2123532
2123533
2123534
2123535
2123536
2123537
2123538
2123539
2123540
2123541
2123542
2123543
2123544
2123545
2123546
2123547
2123548
2123549
2123550
2123551
2123552
2123553
2123554
2123555
2123556
2123557
2123558
2123559
2123560
2123561
2123562
2123563
2123564
2123565
2123566
2123567
2123568
2123569
2123570
2123571
2123572
2123573
2123574
2123575
2123576
2123577
2123578
2123579
2123580
2123581
2123582
2123583
2123584
2123585
2123586
2123587
2123588
2123589
2123590
2123591
2123592
2123593
2123594
2123595
2123596
2123597
2123598
2123599
2123600
2123601
2123602
2123603
2123604
2123605
2123606
2123607
2123608
2123609
2123610
2123611
2123612
2123613
2123614
2123615
2123616
2123617
2123618
2123619
2123620
2123621
2123622
2123623
2123624
2123625
2123626
2123627
2123628
2123629
2123630
2123631
2123632
2123633
2123634
2123635
2123636
2123637
2123638
2123639
2123640
2123641
2123642
2123643
2123644
2123645
2123646
2123647
2123648
2123649
2123650
2123651
2123652
2123653
2123654
2123655
2123656
2123657
2123658
2123659
2123660
2123661
2123662
2123663
2123664
2123665
2123666
2123667
2123668
2123669
2123670
2123671
2123672
2123673
2123674
2123675
2123676
2123677
2123678
2123679
2123680
2123681
2123682
2123683
2123684
2123685
2123686
2123687
2123688
2123689
2123690
2123691
2123692
2123693
2123694
2123695
2123696
2123697
2123698
2123699
2123700
2123701
2123702
2123703
2123704
2123705
2123706
2123707
2123708
2123709
2123710
2123711
2123712
2123713
2123714
2123715
2123716
2123717
2123718
2123719
2123720
2123721
2123722
2123723
2123724
2123725
2123726
2123727
2123728
2123729
2123730
2123731
2123732
2123733
2123734
2123735
2123736
2123737
2123738
2123739
2123740
2123741
2123742
2123743
2123744
2123745
2123746
2123747
2123748
2123749
2123750
2123751
2123752
2123753
2123754
2123755
2123756
2123757
2123758
2123759
2123760
2123761
2123762
2123763
2123764
2123765
2123766
2123767
2123768
2123769
2123770
2123771
2123772
2123773
2123774
2123775
2123776
2123777
2123778
2123779
2123780
2123781
2123782
2123783
2123784
2123785
2123786
2123787
2123788
2123789
2123790
2123791
2123792
2123793
2123794
2123795
2123796
2123797
2123798
2123799
2123800
2123801
2123802
2123803
2123804
2123805
2123806
2123807
2123808
2123809
2123810
2123811
2123812
2123813
2123814
2123815
2123816
2123817
2123818
2123819
2123820
2123821
2123822
2123823
2123824
2123825
2123826
2123827
2123828
2123829
2123830
2123831
2123832
2123833
2123834
2123835
2123836
2123837
2123838
2123839
2123840
2123841
2123842
2123843
2123844
2123845
2123846
2123847
2123848
2123849
2123850
2123851
2123852
2123853
2123854
2123855
2123856
2123857
2123858
2123859
2123860
2123861
2123862
2123863
2123864
2123865
2123866
2123867
2123868
2123869
2123870
2123871
2123872
2123873
2123874
2123875
2123876
2123877
2123878
2123879
2123880
2123881
2123882
2123883
2123884
2123885
2123886
2123887
2123888
2123889
2123890
2123891
2123892
2123893
2123894
2123895
2123896
2123897
2123898
2123899
2123900
2123901
2123902
2123903
2123904
2123905
2123906
2123907
2123908
2123909
2123910
2123911
2123912
2123913
2123914
2123915
2123916
2123917
2123918
2123919
2123920
2123921
2123922
2123923
2123924
2123925
2123926
2123927
2123928
2123929
2123930
2123931
2123932
2123933
2123934
2123935
2123936
2123937
2123938
2123939
2123940
2123941
2123942
2123943
2123944
2123945
2123946
2123947
2123948
2123949
2123950
2123951
2123952
2123953
2123954
2123955
2123956
2123957
2123958
2123959
2123960
2123961
2123962
2123963
2123964
2123965
2123966
2123967
2123968
2123969
2123970
2123971
2123972
2123973
2123974
2123975
2123976
2123977
2123978
2123979
2123980
2123981
2123982
2123983
2123984
2123985
2123986
2123987
2123988
2123989
2123990
2123991
2123992
2123993
2123994
2123995
2123996
2123997
2123998
2123999
2124000
2124001
2124002
2124003
2124004
2124005
2124006
2124007
2124008
2124009
2124010
2124011
2124012
2124013
2124014
2124015
2124016
2124017
2124018
2124019
2124020
2124021
2124022
2124023
2124024
2124025
2124026
2124027
2124028
2124029
2124030
2124031
2124032
2124033
2124034
2124035
2124036
2124037
2124038
2124039
2124040
2124041
2124042
2124043
2124044
2124045
2124046
2124047
2124048
2124049
2124050
2124051
2124052
2124053
2124054
2124055
2124056
2124057
2124058
2124059
2124060
2124061
2124062
2124063
2124064
2124065
2124066
2124067
2124068
2124069
2124070
2124071
2124072
2124073
2124074
2124075
2124076
2124077
2124078
2124079
2124080
2124081
2124082
2124083
2124084
2124085
2124086
2124087
2124088
2124089
2124090
2124091
2124092
2124093
2124094
2124095
2124096
2124097
2124098
2124099
2124100
2124101
2124102
2124103
2124104
2124105
2124106
2124107
2124108
2124109
2124110
2124111
2124112
2124113
2124114
2124115
2124116
2124117
2124118
2124119
2124120
2124121
2124122
2124123
2124124
2124125
2124126
2124127
2124128
2124129
2124130
2124131
2124132
2124133
2124134
2124135
2124136
2124137
2124138
2124139
2124140
2124141
2124142
2124143
2124144
2124145
2124146
2124147
2124148
2124149
2124150
2124151
2124152
2124153
2124154
2124155
2124156
2124157
2124158
2124159
2124160
2124161
2124162
2124163
2124164
2124165
2124166
2124167
2124168
2124169
2124170
2124171
2124172
2124173
2124174
2124175
2124176
2124177
2124178
2124179
2124180
2124181
2124182
2124183
2124184
2124185
2124186
2124187
2124188
2124189
2124190
2124191
2124192
2124193
2124194
2124195
2124196
2124197
2124198
2124199
2124200
2124201
2124202
2124203
2124204
2124205
2124206
2124207
2124208
2124209
2124210
2124211
2124212
2124213
2124214
2124215
2124216
2124217
2124218
2124219
2124220
2124221
2124222
2124223
2124224
2124225
2124226
2124227
2124228
2124229
2124230
2124231
2124232
2124233
2124234
2124235
2124236
2124237
2124238
2124239
2124240
2124241
2124242
2124243
2124244
2124245
2124246
2124247
2124248
2124249
2124250
2124251
2124252
2124253
2124254
2124255
2124256
2124257
2124258
2124259
2124260
2124261
2124262
2124263
2124264
2124265
2124266
2124267
2124268
2124269
2124270
2124271
2124272
2124273
2124274
2124275
2124276
2124277
2124278
2124279
2124280
2124281
2124282
2124283
2124284
2124285
2124286
2124287
2124288
2124289
2124290
2124291
2124292
2124293
2124294
2124295
2124296
2124297
2124298
2124299
2124300
2124301
2124302
2124303
2124304
2124305
2124306
2124307
2124308
2124309
2124310
2124311
2124312
2124313
