3338
3339
3340
3341
3342
5538
5539
5540
5541
5542
9938
9939
9940
9941
9942
14338
14339
14340
14341
14342
15438
15439
15440
15441
15442
16538
16539
16540
16541
16542
20938
20939
20940
20941
20942
22038
22039
22040
22041
22042
25338
25339
25340
25341
25342
33038
33039
33040
33041
33042
34138
34139
34140
34141
34142
39638
39639
39640
39641
39642
41838
41839
41840
41841
41842
44038
44039
44040
44041
44042
49538
49539
49540
49541
49542
50638
50639
50640
50641
50642
51738
51739
51740
51741
51742
60538
60539
60540
60541
60542
63459
63803
66038
66039
66040
66041
66042
68238
68239
68240
68241
68242
69338
69339
69340
69341
69342
70438
70439
70440
70441
70442
71538
71539
71540
71541
71542
75935
77038
77039
77040
77041
77042
82538
82539
82540
82541
82542
92438
92439
92440
92441
92442
99036
99037
99038
99039
99040
99041
99042
105853
105859
105862
105868
105874
105878
105916
105922
105929
105931
105932
105933
105936
105939
105941
105957
105958
105966
105971
105973
105979
105981
105982
105987
105997
105999
106003
106014
106019
106020
106040
106041
106051
106055
106056
106069
106070
106084
106086
106088
106107
106120
106126
106128
106137
106146
106150
106159
106164
106165
106172
106183
106184
106197
106199
106201
106216
106218
106226
106242
106252
106262
106272
106279
106287
106295
106301
106303
106316
106324
106332
106343
106357
106358
106360
106371
106376
106390
106396
106409
106414
106419
106424
106426
106429
106432
106438
106442
106452
106462
106471
106478
106481
106489
106499
106518
106521
106530
106540
106552
106559
106562
106572
106573
106575
106584
106594
106610
106635
106638
106648
106652
106654
106655
106662
106666
106672
106697
106717
106718
106737
106739
110038
110039
110040
110041
110042
118838
118839
118840
118841
118842
121038
125439
166138
166139
166140
166141
166142
168338
168339
168340
168341
168342
179446
200373
200379
216757
216758
216759
216760
216761
221157
221158
221159
221160
221161
231057
231058
231059
231060
231061
236557
236558
236559
236560
236561
243157
243158
243159
243160
243161
244257
244258
244259
244260
244261
247557
247558
247559
247560
247561
249757
249758
249759
249760
249761
255257
255258
255259
255260
255261
259657
259658
259659
259660
259661
264057
264058
264059
264060
264061
269557
269558
269559
269560
269561
271757
271758
271759
271760
271761
275057
275058
275059
275060
275061
278357
278358
278359
278360
278361
279457
279458
279459
279460
279461
286057
286058
286059
286060
286061
294857
294858
294859
294860
294861
297057
297058
297059
297060
297061
300357
300358
300359
300360
300361
308057
308058
308059
308060
308061
323457
323458
323459
323460
323461
327857
327858
327859
327860
327861
328957
328958
328959
328960
328961
336657
336658
336659
336660
336661
341057
341058
341059
341060
341061
342157
342158
342159
342160
342161
350957
350958
350959
350960
350961
369657
369658
369659
369660
369661
370757
370758
370759
370760
370761
381757
381758
381759
381760
381761
412614
412621
426876
426877
426878
426879
426880
430176
430177
430178
430179
430180
432376
432377
432378
432379
432380
433476
433477
433478
433479
433480
434576
434577
434578
434579
434580
438976
438977
438978
438979
438980
457676
457677
457678
457679
457680
459876
459877
459878
459879
459880
471976
471977
471978
471979
471980
473076
473077
473078
473079
473080
478576
478577
478578
478579
478580
479676
479677
479678
479679
479680
485176
485177
485178
485179
485180
497276
497277
497278
497279
497280
520376
520377
520378
520379
520380
524776
524777
524778
524779
524780
527171
527176
527186
527199
527210
527211
527212
527215
527217
527220
527226
527239
527249
527283
527287
527289
527310
527315
527338
527352
527361
527374
527378
527389
527391
527393
527411
527413
527431
527434
527437
527454
527457
527466
527469
527472
527486
527494
527505
527509
527518
527530
527545
527549
527560
527565
527579
527583
527592
527599
527603
527606
527612
527620
527622
527628
527639
527640
527651
527660
527675
527676
527683
527693
527697
527700
527710
527712
527730
527737
527741
527752
527753
527757
527770
527773
527797
527817
527821
527831
527835
527840
527852
527861
527867
527869
527874
527876
527884
527896
527901
527902
527911
527920
527930
527934
527954
527960
527962
527966
527970
527972
527974
527980
527990
527992
528008
528032
528036
528041
528043
528046
528047
528056
528061
528062
528076
528077
528080
541276
541277
541278
541279
541280
547876
547877
547878
547879
547880
549444
552276
552277
552278
552279
552280
554476
554477
554478
554479
554480
570976
570977
570978
570979
570980
584176
584177
584178
584179
584180
595176
595177
595178
595179
595180
625787
639630
639631
643594
650577
651187
653495
653496
653497
653498
653499
654595
654596
654597
654598
654599
672189
682095
682096
682097
682098
682099
690815
695295
695296
695297
695298
695299
699669
699670
720595
720596
720597
720598
720599
728295
728296
728297
728298
728299
745895
745896
745897
745898
745899
760195
760196
760197
760198
760199
761283
761284
775798
775800
775821
775830
775838
775842
775845
775857
775864
775871
775874
775881
775885
775888
775892
775894
775900
775902
775909
775920
775921
775939
775940
775949
775954
775955
775966
775975
775984
775992
775993
776009
776012
776016
776027
776029
776036
776043
776048
776063
776066
776079
776094
776097
776110
776124
776125
776130
776137
776148
776150
776162
776172
776188
776193
776205
776208
776209
776220
776225
776237
776241
776249
776252
776257
776273
776277
776288
776298
776307
776310
776331
776335
776356
776364
776383
776385
776401
776403
776414
776420
776421
776431
776432
776435
776442
776443
776446
776450
776471
776477
776487
776489
776492
776509
776514
776533
776561
776566
776569
776571
776575
776594
776596
776606
776610
776614
776620
776626
776629
776642
776652
776671
776672
776686
776687
776688
776695
776696
776698
776699
779996
779999
797582
824608
824610
824611
824612
824613
824619
850414
850415
850416
850417
850418
852614
852615
852616
852617
852618
856349
856350
860315
862974
867296
867906
876814
876815
876816
876817
876818
879013
882314
882315
882316
882317
882318
885600
899914
899915
899916
899917
899918
907530
907535
907536
907537
916034
916036
936214
936215
936216
936217
936218
951614
951615
951616
951617
951618
964814
964815
964816
964817
964818
969211
983509
985708
1016514
1016515
1016516
1016517
1016518
1050324
1050432
1065370
1067133
1067134
1067135
1067136
1067137
1071533
1071534
1071535
1071536
1071537
1076315
1078133
1078134
1078135
1078136
1078137
1079233
1079234
1079235
1079236
1079237
1084733
1084734
1084735
1084736
1084737
1095733
1095734
1095735
1095736
1095737
1100133
1100134
1100135
1100136
1100137
1116552
1116553
1121033
1121034
1121035
1121036
1121037
1125061
1125407
1133129
1144133
1144134
1144135
1144136
1144137
1148533
1148534
1148535
1148536
1148537
1158429
1189678
1201538
1201547
1201548
1201550
1201566
1201568
1201585
1201590
1201595
1201610
1201620
1201633
1201654
1201667
1201672
1201680
1201681
1201689
1201701
1201713
1201721
1201728
1201729
1201744
1201752
1201758
1201761
1201777
1201785
1201794
1201807
1201811
1201816
1201825
1201828
1201836
1201839
1201840
1201853
1201857
1201861
1201865
1201883
1201893
1201898
1201906
1201913
1201916
1201922
1201925
1201932
1201943
1201945
1201964
1201969
1201977
1201985
1201992
1202006
1202013
1202016
1202024
1202032
1202035
1202040
1202052
1202056
1202057
1202065
1202071
1202072
1202079
1202083
1202086
1202094
1202097
1202099
1202112
1202116
1202121
1202135
1202138
1202154
1202168
1202191
1202196
1202199
1202203
1202215
1202218
1202234
1202235
1202241
1202249
1202250
1202255
1202257
1202260
1202263
1202267
1202274
1202295
1202303
1202304
1202313
1202331
1202334
1202353
1202356
1202367
1202368
1202371
1202382
1202383
1202386
1202403
1202406
1202432
1229933
1229934
1229935
1229936
1229937
1263835
1263837
1263838
1263839
1263840
1263841
1263842
1263843
1263844
1263845
1263846
1263856
1263857
1274584
1278352
1278353
1278354
1278355
1278356
1304253
1305852
1305853
1305854
1305855
1305856
1312452
1312453
1312454
1312455
1312456
1316852
1316853
1316854
1316855
1316856
1325652
1325653
1325654
1325655
1325656
1334348
1334349
1344352
1344353
1344354
1344355
1344356
1357552
1357553
1357554
1357555
1357556
1360852
1360853
1360854
1360855
1360856
1364152
1364153
1364154
1364155
1364156
1369652
1369653
1369654
1369655
1369656
1370752
1370753
1370754
1370755
1370756
1371852
1371853
1371854
1371855
1371856
1381752
1381753
1381754
1381755
1381756
1391652
1391653
1391654
1391655
1391656
1396052
1396053
1396054
1396055
1396056
1399929
1403752
1403753
1403754
1403755
1403756
1409252
1409253
1409254
1409255
1409256
1412552
1412553
1412554
1412555
1412556
1413652
1413653
1413654
1413655
1413656
1414752
1414753
1414754
1414755
1414756
1432352
1432353
1432354
1432355
1432356
1434552
1434553
1434554
1434555
1434556
1445552
1445553
1445554
1445555
1445556
1486903
1489571
1489572
1489573
1489574
1489575
1492871
1492872
1492873
1492874
1492875
1497271
1497272
1497273
1497274
1497275
1498309
1504751
1510471
1510472
1510473
1510474
1510475
1512671
1512672
1512673
1512674
1512675
1526971
1526972
1526973
1526974
1526975
1531371
1531372
1531373
1531374
1531375
1538261
1538264
1538269
1538283
1538290
1538304
1538316
1538325
1538327
1538332
1538344
1538356
1538368
1538385
1538386
1538392
1538399
1538400
1538405
1538409
1538414
1538420
1538422
1538429
1538435
1538436
1538440
1538459
1538468
1538477
1538480
1538484
1538491
1538498
1538501
1538517
1538519
1538523
1538533
1538534
1538538
1538545
1538551
1538554
1538562
1538566
1538569
1538579
1538585
1538596
1538603
1538607
1538615
1538631
1538648
1538649
1538655
1538660
1538664
1538671
1538677
1538682
1538687
1538695
1538698
1538706
1538710
1538711
1538716
1538725
1538737
1538741
1538745
1538753
1538763
1538768
1538773
1538778
1538787
1538789
1538805
1538806
1538811
1538814
1538818
1538821
1538833
1538837
1538844
1538852
1538854
1538874
1538875
1538895
1538898
1538918
1538930
1538938
1538947
1538950
1538953
1538957
1538971
1538978
1538989
1538996
1539006
1539011
1539014
1539019
1539023
1539025
1539030
1539039
1539040
1539044
1539050
1539051
1539053
1539058
1539062
1539063
1539064
1539071
1539073
1539074
1539075
1542371
1542372
1542373
1542374
1542375
1554471
1554472
1554473
1554474
1554475
1577571
1577572
1577573
1577574
1577575
1579771
1579772
1579773
1579774
1579775
1603971
1603972
1603973
1603974
1603975
1614971
1614972
1614973
1614974
1614975
1635871
1635872
1635873
1635874
1635875
1636971
1636972
1636973
1636974
1636975
1638071
1638072
1638073
1638074
1638075
1655671
1655672
1655673
1655674
1655675
1687289
1701890
1701891
1701892
1701893
1701894
1709590
1709591
1709592
1709593
1709594
1710690
1710691
1710692
1710693
1710694
1711790
1711791
1711792
1711793
1711794
1717290
1717291
1717292
1717293
1717294
1729390
1729391
1729392
1729393
1729394
1743018
1752626
1752627
1752637
1752642
1752643
1752652
1752654
1752659
1752670
1752680
1752689
1752694
1752695
1752702
1752707
1752708
1752711
1752729
1752735
1752752
1752768
1752778
1752787
1752804
1752805
1752811
1752815
1752822
1752832
1752842
1752855
1752864
1752870
1752872
1752889
1752895
1752916
1752924
1752938
1752946
1752957
1752963
1752968
1752975
1752983
1752993
1752998
1753000
1753005
1753006
1753013
1753027
1753041
1753049
1753060
1753068
1753088
1753089
1753112
1753120
1753125
1753130
1753148
1753149
1753155
1753170
1753180
1753193
1753195
1753198
1753217
1753239
1753240
1753252
1753261
1753269
1753275
1753276
1753285
1753291
1753293
1753301
1753305
1753309
1753314
1753317
1753330
1753331
1753335
1753356
1753366
1753370
1753373
1753385
1753386
1753390
1753406
1753407
1753430
1753449
1753452
1753475
1753499
1753525
1757990
1757991
1757992
1757993
1757994
1759090
1759091
1759092
1759093
1759094
1763490
1763491
1763492
1763493
1763494
1773390
1773391
1773392
1773393
1773394
1782190
1782191
1782192
1782193
1782194
1786323
1805387
1805390
1805391
1805392
1805393
1805395
1805406
1805408
1805413
1805414
1805415
1805416
1806385
1818173
1818660
1828089
1834195
1835952
1842152
1890182
1890185
1891907
1902461
1902462
1902463
1902805
1949497
1949534
1949535
1949536
1949537
1949538
1949539
1982103
1994006
2000862
2013307
2079541
2079542
2079543
2079544
2079546
2079547
2079548
2079549
2079550
2079551
2079552
2079553
2079554
2079555
2079556
2079557
2079558
2079559
2079560
2079561
2079562
2079563
2079564
2079565
2079571
2079572
2079573
2079574
2105106
2105107
2105112
2105113
2105114
2105115
2105116
2105118
2105119
2105120
2105121
2105122
2118793
2120192
2120193
2120195
