2125769
2125770
2125771
2125772
2125773
2125774
2125775
2125776
2125777
2125778
2125779
2125780
2125781
2125782
2125783
2125784
2125785
2125786
2125787
2125788
2125789
2125790
2125791
2125792
2125793
2125794
2125795
2125796
2125797
2125798
2125799
2125800
2125801
2125802
2125803
2125804
2125805
2125806
2125807
2125808
2125809
2125810
2125811
2125812
2125813
2125814
2125815
2125816
2125817
2125818
2125819
2125820
2125821
2125822
2125823
2125824
2125825
2125826
2125827
2125828
2125829
2125830
2125831
2125832
2125833
2125834
2125835
2125836
2125837
2125838
2125839
2125840
2125841
2125842
2125843
2125844
2125845
2125846
2125847
2125848
2125849
2125850
2125851
2125852
2125853
2125854
2125855
2125856
2125857
2125858
2125859
2125860
2125861
2125862
2125863
2125864
2125865
2125866
2125867
2125868
2125869
2125870
2125871
2125872
2125873
2125874
2125875
2125876
2125877
2125878
2125879
2125880
2125881
2125882
2125883
2125884
2125885
2125886
2125887
2125888
2125889
2125890
2125891
2125892
2125893
2125894
2125895
2125896
2125897
2125898
2125899
2125900
2125901
2125902
2125903
2125904
2125905
2125906
2125907
2125908
2125909
2125910
2125911
2125912
2125913
2125914
2125915
2125916
2125917
2125918
2125919
2125920
2125921
2125922
2125923
2125924
2125925
2125926
2125927
2125928
2125929
2125930
2125931
2125932
2125933
2125934
2125935
2125936
2125937
2125938
2125939
2125940
2125941
2125942
2125943
2125944
2125945
2125946
2125947
2125948
2125949
2125950
2125951
2125952
2125953
2125954
2125955
2125956
2125957
2125958
2125959
2125960
2125961
2125962
2125963
2125964
2125965
2125966
2125967
2125968
2125969
2125970
2125971
2125972
2125973
2125974
2125975
2125976
2125977
2125978
2125979
2125980
2125981
2125982
2125983
2125984
2125985
2125986
2125987
2125988
2125989
2125990
2125991
2125992
2125993
2125994
2125995
2125996
2125997
2125998
2125999
2126000
2126001
2126002
2126003
2126004
2126005
2126006
2126007
2126008
2126009
2126010
2126011
2126012
2126013
2126014
2126015
2126016
2126017
2126018
2126019
2126020
2126021
2126022
2126023
2126024
2126025
2126026
2126027
2126028
2126029
2126030
2126031
2126032
2126033
2126034
2126035
2126036
2126037
2126038
2126039
2126040
2126041
2126042
2126043
2126044
2126045
2126046
2126047
2126048
2126049
2126050
2126051
2126052
2126053
2126054
2126055
2126056
2126057
2126058
2126059
2126060
2126061
2126062
2126063
2126064
2126065
2126066
2126067
2126068
2126069
2126070
2126071
2126072
2126073
2126074
2126075
2126076
2126077
2126078
2126079
2126080
2126081
2126082
2126083
2126084
2126085
2126086
2126087
2126088
2126089
2126090
2126091
2126092
2126093
2126094
2126095
2126096
2126097
2126098
2126099
2126100
2126101
2126102
2126103
2126104
2126105
2126106
2126107
2126108
2126109
2126110
2126111
2126112
2126113
2126114
2126115
2126116
2126117
2126118
2126119
2126120
2126121
2126122
2126123
2126124
2126125
2126126
2126127
2126128
2126129
2126130
2126131
2126132
2126133
2126134
2126135
2126136
2126137
2126138
2126139
2126140
2126141
2126142
2126143
2126144
2126145
2126146
2126147
2126148
2126149
2126150
2126151
2126152
2126153
2126154
2126155
2126156
2126157
2126158
2126159
2126160
2126161
2126162
2126163
2126164
2126165
2126166
2126167
2126168
2126169
2126170
2126171
2126172
2126173
2126174
2126175
2126176
2126177
2126178
2126179
2126180
2126181
2126182
2126183
2126184
2126185
2126186
2126187
2126188
2126189
2126190
2126191
2126192
2126193
2126194
2126195
2126196
2126197
2126198
2126199
2126200
2126201
2126202
2126203
2126204
2126205
2126206
2126207
2126208
2126209
2126210
2126211
2126212
2126213
2126214
