2124917
2124918
2124919
2124920
2124921
2124922
2124923
2124924
2124925
2124926
2124927
2124928
2124929
2124930
2124931
2124932
2124933
2124934
2124935
2124936
2124937
2124938
2124939
2124940
2124941
2124942
2124943
2124944
2124945
2124946
2124947
2124948
2124949
2124950
2124951
2124952
2124953
2124954
2124955
2124956
2124957
2124958
2124959
2124960
2124961
2124962
2124963
2124964
2124965
2124966
2124967
2124968
2124969
2124970
2124971
2124972
2124973
2124974
2124975
2124976
2124977
2124978
2124979
2124980
2124981
2124982
2124983
2124984
2124985
2124986
2124987
2124988
2124989
2124990
2124991
2124992
2124993
2124994
2124995
2124996
2124997
2124998
2124999
2125000
2125001
2125002
2125003
2125004
2125005
2125006
2125007
2125008
2125009
2125010
2125011
2125012
2125013
2125014
2125015
2125016
2125017
2125018
2125019
2125020
2125021
2125022
2125023
2125024
2125025
2125026
2125027
2125028
2125029
2125030
2125031
2125032
2125033
2125034
2125035
2125036
2125037
2125038
2125039
2125040
2125041
2125042
2125043
2125044
2125045
2125046
2125047
2125048
2125049
2125050
2125051
2125052
2125053
2125054
2125055
2125056
2125057
2125058
2125059
2125060
2125061
2125062
2125063
2125064
2125065
2125066
2125067
2125068
2125069
2125070
2125071
2125072
2125073
2125074
2125075
2125076
2125077
2125078
2125079
2125080
2125081
2125082
2125083
2125084
2125085
2125086
2125087
2125088
2125089
2125090
2125091
2125092
2125093
2125094
2125095
2125096
2125097
2125098
2125099
2125100
2125101
2125102
2125103
2125104
2125105
2125106
2125107
2125108
2125109
2125110
2125111
2125112
2125113
2125114
2125115
2125116
2125117
2125118
2125119
2125120
2125121
2125122
2125123
2125124
2125125
2125126
2125127
2125128
2125129
2125130
2125131
2125132
2125133
2125134
2125135
2125136
2125137
2125138
2125139
2125140
2125141
2125142
2125143
2125144
2125145
2125146
2125147
2125148
2125149
2125150
2125151
2125152
2125153
2125154
2125155
2125156
2125157
2125158
2125159
2125160
2125161
2125162
2125163
2125164
2125165
2125166
2125167
2125168
2125169
2125170
2125171
2125172
2125173
2125174
2125175
2125176
2125177
2125178
2125179
2125180
2125181
2125182
2125183
2125184
2125185
2125186
2125187
2125188
2125189
2125190
2125191
2125192
2125193
2125194
2125195
2125196
2125197
2125198
2125199
2125200
2125201
2125202
2125203
2125204
2125205
2125206
2125207
2125208
2125209
2125210
2125211
2125212
2125213
2125214
2125215
2125216
2125217
2125218
2125219
2125220
2125221
2125222
2125223
2125224
2125225
2125226
2125227
2125228
