2124566
2124567
2124568
2124569
2124570
2124571
2124572
2124573
2124574
2124575
2124576
2124577
2124578
2124579
2124580
2124581
2124582
2124583
2124584
2124585
2124586
2124587
2124588
2124589
2124590
2124591
2124592
2124593
2124594
2124595
2124596
2124597
2124598
2124599
2124600
2124601
2124602
2124603
2124604
2124605
2124606
2124607
2124608
2124609
2124610
2124611
2124612
2124613
2124614
2124615
2124616
2124617
2124618
2124619
2124620
2124621
2124622
2124623
2124624
2124625
2124626
2124627
2124628
2124629
2124630
2124631
2124632
2124633
2124634
2124635
2124636
2124637
2124638
2124639
2124640
2124641
2124642
2124643
2124644
2124645
2124646
2124647
2124648
2124649
2124650
2124651
2124652
2124653
2124654
2124655
2124656
2124657
2124658
2124659
2124660
2124661
2124662
2124663
2124664
2124665
2124666
2124667
2124668
2124669
2124670
2124671
2124672
2124673
2124674
2124675
2124676
2124677
2124678
2124679
2124680
2124681
2124682
2124683
2124684
2124685
2124686
2124687
2124688
2124689
2124690
2124691
2124692
2124693
2124694
2124695
2124696
2124697
2124698
2124699
2124700
2124701
2124702
2124703
2124704
2124705
2124706
2124707
2124708
2124709
2124710
2124711
2124712
2124713
2124714
2124715
2124716
2124717
2124718
2124719
2124720
2124721
2124722
2124723
2124724
2124725
2124726
2124727
2124728
2124729
2124730
2124731
2124732
2124733
2124734
2124735
2124736
2124737
2124738
2124739
2124740
2124741
2124742
2124743
2124744
2124745
2124746
2124747
2124748
2124749
2124750
2124751
2124752
2124753
2124754
2124755
2124756
2124757
2124758
2124759
2124760
2124761
2124762
2124763
2124764
2124765
2124766
2124767
2124768
2124769
2124770
2124771
2124772
2124773
2124774
2124775
2124776
2124777
2124778
2124779
2124780
2124781
2124782
2124783
2124784
2124785
2124786
2124787
2124788
2124789
2124790
2124791
2124792
2124793
2124794
2124795
2124796
2124797
2124798
2124799
2124800
2124801
2124802
2124803
2124804
2124805
2124806
2124807
2124808
2124809
2124810
2124811
2124812
2124813
2124814
2124815
2124816
2124817
2124818
2124819
2124820
2124821
2124822
2124823
2124824
2124825
2124826
2124827
2124828
2124829
2124830
2124831
2124832
2124833
2124834
2124835
2124836
2124837
2124838
2124839
2124840
2124841
2124842
2124843
2124844
2124845
2124846
2124847
2124848
2124849
2124850
2124851
2124852
2124853
2124854
2124855
2124856
2124857
2124858
2124859
2124860
2124861
2124862
2124863
2124864
2124865
2124866
2124867
2124868
2124869
2124870
2124871
2124872
2124873
2124874
2124875
2124876
2124877
2124878
2124879
2124880
2124881
2124882
2124883
2124884
2124885
2124886
2124887
2124888
2124889
2124890
2124891
2124892
2124893
2124894
2124895
2124896
2124897
2124898
2124899
2124900
2124901
2124902
2124903
2124904
2124905
2124906
2124907
2124908
2124909
