2125231
2125232
2125233
2125234
2125235
2125236
2125237
2125238
2125239
2125240
2125241
2125242
2125243
2125244
2125245
2125246
2125247
2125248
2125249
2125250
2125251
2125252
2125253
2125254
2125255
2125256
2125257
2125258
2125259
2125260
2125261
2125262
2125263
2125264
2125265
2125266
2125267
2125268
2125269
2125270
2125271
2125272
2125273
2125274
2125275
2125276
2125277
2125278
2125279
2125280
2125281
2125282
2125283
2125284
2125285
2125286
2125287
2125288
2125289
2125290
2125291
2125292
2125293
2125294
2125295
2125296
2125297
2125298
2125299
2125300
2125301
2125302
2125303
2125304
2125305
2125306
2125307
2125308
2125309
2125310
2125311
2125312
2125313
2125314
2125315
2125316
2125317
2125318
2125319
2125320
2125321
2125322
2125323
2125324
2125325
2125326
2125327
2125328
2125329
2125330
2125331
2125332
2125333
2125334
2125335
2125336
2125337
2125338
2125339
2125340
2125341
2125342
2125343
2125344
2125345
2125346
2125347
2125348
2125349
2125350
2125351
2125352
2125353
2125354
2125355
2125356
2125357
2125358
2125359
2125360
2125361
2125362
2125363
2125364
2125365
2125366
2125367
2125368
2125369
2125370
2125371
2125372
2125373
2125374
2125375
2125376
2125377
2125378
2125379
2125380
2125381
2125382
2125383
2125384
2125385
2125386
2125387
2125388
2125389
2125390
2125391
2125392
2125393
2125394
2125395
2125396
2125397
2125398
2125399
2125400
2125401
2125402
2125403
2125404
2125405
2125406
2125407
2125408
2125409
2125410
2125411
2125412
2125413
2125414
2125415
2125416
2125417
2125418
2125419
2125420
2125421
2125422
2125423
2125424
2125425
2125426
2125427
2125428
2125429
2125430
2125431
2125432
2125433
2125434
2125435
2125436
2125437
2125438
2125439
2125440
2125441
2125442
2125443
2125444
2125445
2125446
2125447
2125448
2125449
2125450
2125451
2125452
2125453
2125454
2125455
2125456
2125457
2125458
2125459
2125460
2125461
2125462
2125463
2125464
2125465
2125466
2125467
2125468
2125469
2125470
2125471
2125472
2125473
2125474
2125475
2125476
2125477
2125478
2125479
2125480
2125481
2125482
2125483
2125484
2125485
2125486
2125487
2125488
2125489
2125490
2125491
