2125492
2125493
2125494
2125495
2125496
2125497
2125498
2125499
2125500
2125501
2125502
2125503
2125504
2125505
2125506
2125507
2125508
2125509
2125510
2125511
2125512
2125513
2125514
2125515
2125516
2125517
2125518
2125519
2125520
2125521
2125522
2125523
2125524
2125525
2125526
2125527
2125528
2125529
2125530
2125531
2125532
2125533
2125534
2125535
2125536
2125537
2125538
2125539
2125540
2125541
2125542
2125543
2125544
2125545
2125546
2125547
2125548
2125549
2125550
2125551
2125552
2125553
2125554
2125555
2125556
2125557
2125558
2125559
2125560
2125561
2125562
2125563
2125564
2125565
2125566
2125567
2125568
2125569
2125570
2125571
2125572
2125573
2125574
2125575
2125576
2125577
2125578
2125579
2125580
2125581
2125582
2125583
2125584
2125585
2125586
2125587
2125588
2125589
2125590
2125591
2125592
2125593
2125594
2125595
2125596
2125597
2125598
2125599
2125600
2125601
2125602
2125603
2125604
2125605
2125606
2125607
2125608
2125609
2125610
2125611
2125612
2125613
2125614
2125615
2125616
2125617
2125618
2125619
2125620
2125621
2125622
2125623
2125624
2125625
2125626
2125627
2125628
2125629
2125630
2125631
2125632
2125633
2125634
2125635
2125636
2125637
2125638
2125639
2125640
2125641
2125642
2125643
2125644
2125645
2125646
2125647
2125648
2125649
2125650
2125651
2125652
2125653
2125654
2125655
2125656
2125657
2125658
2125659
2125660
2125661
2125662
2125663
2125664
2125665
2125666
2125667
2125668
2125669
2125670
2125671
2125672
2125673
2125674
2125675
2125676
2125677
2125678
2125679
2125680
2125681
2125682
2125683
2125684
2125685
2125686
2125687
2125688
2125689
2125690
2125691
2125692
2125693
2125694
2125695
2125696
2125697
2125698
2125699
2125700
2125701
2125702
2125703
2125704
2125705
2125706
2125707
2125708
2125709
2125710
2125711
2125712
2125713
2125714
2125715
2125716
2125717
2125718
2125719
2125720
2125721
2125722
2125723
2125724
2125725
2125726
2125727
2125728
2125729
2125730
2125731
2125732
2125733
2125734
2125735
2125736
2125737
2125738
2125739
2125740
2125741
2125742
2125743
2125744
2125745
2125746
2125747
2125748
2125749
2125750
2125751
2125752
2125753
2125754
2125755
2125756
2125757
2125758
2125759
2125760
2125761
2125762
2125763
2125764
2125765
2125766
2125767
